111111111111111111111111111111111111111111111111111111111111
111111111111111111111111111111111111111111111111111111111111
111111111111111111111111111111111111111111111111111111111111
111111111111111111111111111111111111111111111111111111111111
111111111111111111111111111111111111111111111111111111111111
111111111111111111111111111111111111111111111111111111111111
111111111111111111111111111111111111111111111111111111111111
111111111111111111111111111111111111111111111111111111111111
111111111111111111111111111111111111111111111111111111111111
111111111000000010110111000011110111000011100000001111111111
111111111011111010111011101001001010100100101111101111111111
111111111010001010010101110010001011100110101000101111111111
111111111010001010111110010011110110111001101000101111111111
111111111010001011010000111001011100101011101000101111111111
111111111011111010111100100000111101111101101111101111111111
111111111000000010101010101010101010101010100000001111111111
111111111111111111000111000010011010000010111111111111111111
111111111001100011001111100100001011110100110100001111111111
111111111101011111100100001011000100000011000010111111111111
111111111010100001001011000110010011010011101111101111111111
111111111111011111111010110001011010110010000101101111111111
111111111100001010100000111001100101000110110111001111111111
111111111110100100001101101011100100000111001011001111111111
111111111011101010011101100111110011001010101111101111111111
111111111101100110111010110000001110110111000001001111111111
111111111010111011000001000101000011010110011100011111111111
111111111000001111011110100011110011001011100000111111111111
111111111001000000100000011010100001001110101111101111111111
111111111011111101100101001110000010100111001001101111111111
111111111110110010111101101100010001110000010111001111111111
111111111011111100001010110001101100001101110011001111111111
111111111111011011000001011110010011011011101100101111111111
111111111101101110000111000001010011100000100101001111111111
111111111101101011101101110100011011000100111111101111111111
111111111010001110000000101011110101000011100000111111111111
111111111110000011110011010110000001010111101000101111111111
111111111101101111001010010010001010010111101011101111111111
111111111001100000011000011001010111110110010111111111111111
111111111011000111101111101101001100101011000010101111111111
111111111110110000111100100011110111000011111001101111111111
111111111111110100001010110010010111110011101101101111111111
111111111000001000110111010010001010010000000010011111111111
111111111111111110100111010011110100000000111001111111111111
111111111000000011100000001011110001001000101010101111111111
111111111011111010010101011111001111000000111011111111111111
111111111010001010111101101110101101011100000001001111111111
111111111010001011001000110011110110100111011110001111111111
111111111010001011000001011011100000001011010110101111111111
111111111011111010100111000010010011010101001011001111111111
111111111000000010101110110110001011110110100111011111111111
111111111111111111111111111111111111111111111111111111111111
111111111111111111111111111111111111111111111111111111111111
111111111111111111111111111111111111111111111111111111111111
111111111111111111111111111111111111111111111111111111111111
111111111111111111111111111111111111111111111111111111111111
111111111111111111111111111111111111111111111111111111111111
111111111111111111111111111111111111111111111111111111111111
111111111111111111111111111111111111111111111111111111111111
111111111111111111111111111111111111111111111111111111111111
111111111111111111111111111111111111111111111111111111111111